708 -153 -32 -546 -933 43 -143 -337 -168 65 -881 -99 536 -119 610 -376 -878 -82 | -312 62 436 -907 -433 -972 -731 -878 422 -536 584 -194 260 -83 -432 552 -695 -15 | -593 -513 330 -844 -920 -188 -136 -818 -872 94 -442 501 -148 431 -495 693 495 141 | 489 -368 758 772 210 652 946 -592 720 665 -200 403 -318 326 -893 996 222 607 | 806 641 368 593 -234 161 -561 -741 11 497 -10 -424 -473 -668 -606 645 840 -910
169 849 457 609 -127 673 569 320 -793 -198 592 593 159 974 536 692 | 290 -937 549 488 -995 -701 375 -577 943 649 7 154 424 260 -69 433 | -770 426 -478 -984 803 237 -181 -977 -479 223 663 -407 -102 192 -838 -75 | -865 107 -612 290 817 -149 -371 329 702 723 77 -73 825 -791 -740 -936 | -788 388 -576 24 -417 436 -178 -481 -305 771 201 -416 795 -299 252 -111
-51 827 -654 933 -482 -117 689 993 548 767 173 1 | -296 -141 -865 636 -936 -391 -644 -707 56 -580 122 -754 | -832 290 -294 -372 -729 -184 952 -809 -825 -204 -495 -729 | 16 -593 -770 110 924 -251 935 73 696 786 -977 -491 | -111 510 944 -456 745 785 -158 -770 504 -547 -962 -978 | -54 443 859 -637 -767 678 -683 178 -757 328 301 -846 | -379 -152 -707 -250 32 -118 -846 -303 597 963 -98 993
-796 -74 666 366 -948 -121 -518 743 -810 -57 -327 -89 860 | -965 374 -516 858 -147 -955 673 455 -534 992 110 538 733 | 184 -265 508 353 -62 42 508 651 -645 805 206 434 -598
1 2 3 4 | 5 6 7 8 | 9 10 11 12 | 100 200 300 400
907 -707 562 383 -150 -414 896 -225 -319 -750 -653 378 -917 -752 -997 | -652 437 -782 98 129 -89 -721 435 146 -757 -708 -727 497 659 -244 | 609 -605 458 -821 399 -104 39 -230 -211 -402 -517 384 143 386 -883 | -426 775 858 168 430 943 72 800 130 -829 651 -298 550 -560 -568
752 496 -176 -523 | 600 -867 -426 -901 | 92 778 -155 726
-721 -962 -615 -342 27 -898 -44 882 766 -25 669 573 -468 755 -979 674 | 145 -774 621 33 812 -440 -225 96 -49 404 -622 63 893 162 420 391 | -144 -225 538 -427 265 83 721 559 460 -551 -843 -238 136 65 301 712 | 431 -761 -869 -509 -108 501 517 117 445 -253 -509 -269 803 288 71 175 | 131 537 242 748 -634 -34 -528 -287 346 -205 -782 -773 896 540 -29 41 | 407 300 958 -43 -740 -660 -685 -995 294 77 -385 -528 987 356 -712 -965
562 -792 -478 -406 -591 302 785 -79 | 137 -176 -875 545 -595 782 -94 309 | 172 -944 808 294 -689 -293 441 653
-182 319 -315 -580 828 -431 | -944 544 -946 774 -437 -473 | -131 -301 -140 -973 -467 -336 | -774 988 868 -685 569 -241 | -586 25 -807 154 852 -682 | -963 -759 -444 -254 991 -161
-236 51 -355 -939 358 -79 958 837 -911 -649 -564 -895 155 138 983 455 | -849 910 -168 409 -437 55 786 655 -58 795 -324 -858 -950 -635 -592 205 | -61 -871 822 132 602 -457 840 232 -833 -145 -553 795 -571 -620 -809 878 | -321 -742 447 435 -985 -515 -600 -187 145 139 775 828 -761 289 -420 -247 | 799 -999 -642 -949 -343 469 142 -804 -552 -355 966 -344 -343 544 -326 -706 | -501 594 -554 -224 924 955 -187 239 -69 434 -129 -658 253 -624 277 275 | -806 740 -12 -403 0 465 651 625 110 -441 -253 -218 26 -319 -948 70 | 91 -164 487 700 927 811 442 -255 404 -382 168 -18 -872 570 712 -40 | -921 -141 770 299 -178 -448 650 317 855 -121 -833 -129 815 485 822 -498 | 266 792 -784 -992 -783 997 301 -553 -585 -917 569 674 954 978 245 772
951 648 -57 -485 803 721 | 547 917 280 -664 -261 -642 | 343 -708 732 -322 604 718 | -802 -787 422 297 -740 902 | -728 874 368 47 -695 -532 | 61 540 -288 293 -43 -555 | -251 269 394 715 707 -69 | -79 822 102 -717 -603 -607
544 23 -386 768 774 633 -266 364 306 606 773 -861 | -799 -465 -816 182 800 -567 -184 -397 636 200 -999 574 | -42 638 -99 -363 -534 -533 -865 -468 856 217 -422 119 | 424 236 363 -918 -677 -601 -937 83 940 826 -919 912 | -532 -664 62 51 438 242 17 -439 -876 39 -454 -586 | 893 359 774 855 571 772 791 734 68 -426 163 -856 | 932 -582 -532 -679 613 27 203 418 -149 646 -373 -30 | -599 -26 -799 940 61 -836 -502 -839 569 364 306 1000 | -805 578 -840 -398 163 -58 -632 -193 636 645 298 171 | -420 -236 686 -962 575 -115 -769 213 445 403 181 -10
-625 -32 909 -518 -167 125 | 23 -316 -164 -324 36 -373 | 166 -23 339 -734 382 -676 | 501 704 516 927 716 -794 | 279 319 533 -144 -496 719
-745 391 -464 -112 -855 | 914 -654 -457 35 -145 | 505 -649 -115 -77 645 | 330 100 459 -151 424 | 52 -826 27 269 -91 | -678 -552 941 -419 29 | 894 -57 298 527 -219 | 349 163 -321 -181 -137 | 772 -538 -274 24 -518 | 334 957 227 -710 433
232 -375 755 974 -159 149 | 701 874 789 -67 17 -829 | 989 253 104 -430 -916 -229 | 574 757 -180 -935 -691 982 | 541 453 255 280 945 311
969 -694 565 -65 9 926 771 653 233 120 -221 -578 -297 -534 -402 -675 -426 -559 -485 | 512 -696 91 223 -392 499 103 228 281 -140 -837 842 -103 855 -456 -863 -621 91 540 | -911 -711 -297 -282 21 605 790 -590 -7 -750 773 -58 922 -720 547 953 630 -813 403
187 487 639 -466 -606 390 -288 -449 222 5 -204 -727 | 838 573 662 -853 32 -339 -143 -841 924 758 39 155 | 187 899 684 -118 -25 508 -461 715 -146 140 -558 -281 | 506 -703 -860 -108 117 14 565 891 706 -811 -930 -632 | -89 189 855 -155 -966 -906 -336 153 332 -340 517 618 | -869 706 -175 -932 76 -251 -18 -187 -132 66 -398 552 | 397 -864 -532 294 895 -456 -710 602 450 855 114 918
965 610 -267 961 632 | -321 -457 584 322 85 | 789 655 483 704 -691 | -143 878 914 821 938 | 199 336 773 872 250 | -754 -625 -28 -962 126 | -181 992 -773 -353 182 | 92 -188 44 823 -447 | 357 -38 -809 522 -907
960 583 -477 181 -778 -956 969 218 -607 -849 864 -982 592 | 321 -153 520 -290 385 195 735 -905 -338 -487 148 -578 -836 | 551 -322 -757 345 429 921 -254 -99 342 736 388 578 131 | 77 -559 -37 -359 363 694 777 -756 225 -730 706 -309 -572 | -474 379 -970 -946 604 -853 -73 -159 707 -12 471 -856 -268 | -196 -498 645 400 -985 162 90 720 904 767 55 820 211 | -713 323 783 397 -462 -405 677 83 193 692 310 -159 850 | 651 826 -739 953 945 -934 -882 250 12 462 322 -970 581 | -250 324 53 792 893 -208 -919 -77 -745 -29 -183 -984 544 | -633 939 491 -739 973 -190 929 474 966 -4 -591 333 -460
-249 -978 -634 250 63 -106 | 779 881 101 -395 -508 -589 | -349 -15 935 321 171 -942 | -856 521 -912 -852 -243 -187 | -432 -520 -353 431 -414 911
12 -324 334 -896 829 973 -83 726 420 | -944 -357 -82 995 -336 659 859 -890 44 | 126 939 488 -817 807 -850 -518 683 -843 | -489 -221 -666 914 836 683 -609 284 753 | -926 -845 -516 720 -609 -238 -739 -108 -419 | 746 190 604 -983 766 495 -517 747 325 | 187 -786 -677 -283 -353 228 443 733 253 | 808 -516 -668 -798 -569 646 -305 -987 552 | 989 348 452 -506 781 -122 797 336 390
-870 72 952 -721 555 380 -977 456 931 350 417 857 -693 -80 136 659 638 -864 -808 992 | -538 582 -71 -840 965 -687 40 -743 558 751 -357 -833 -16 -375 -167 -348 -625 484 -500 -332 | 62 -210 626 479 -931 75 19 234 801 -449 625 -112 85 -155 782 -376 -837 -428 -718 -268 | -683 450 -635 -595 555 501 574 945 821 -778 -423 615 -608 108 547 634 -218 187 -517 -21
778 -213 -843 281 -379 -691 595 | -645 338 670 609 -289 110 -427 | -675 653 110 -249 560 -688 435 | -74 -688 890 -674 110 131 884 | 333 -144 720 -327 -775 354 -756 | 144 821 983 -476 -692 -105 -716
-472 743 -116 762 -768 -259 771 785 461 739 -214 511 -277 885 | -134 596 -47 -428 -519 724 -656 639 -644 891 980 862 243 -509 | 632 937 903 -249 -381 607 576 -661 -403 846 485 378 972 921 | 500 380 -131 753 767 -768 -814 -321 -362 -466 27 550 -597 -27 | 390 -819 43 448 57 -909 252 954 -496 578 -635 149 778 350 | -732 -504 790 -460 29 -27 -837 221 136 -671 137 -656 254 728 | 698 365 239 611 -866 -237 195 604 -236 286 634 -93 -815 -258 | 403 -816 183 991 -310 286 -354 -457 453 -681 996 238 496 -287 | 385 525 -546 -804 -646 -177 -722 -996 210 866 381 -407 -311 -469 | -155 -560 546 603 376 737 -846 122 -547 847 -474 -283 185 948
684 638 602 17 212 110 -410 -761 -572 | -372 683 -165 761 -514 -535 -509 897 49 | 567 -656 -477 694 -540 409 -667 -912 161 | -955 -755 -664 -83 -344 344 -910 -934 619
804 318 -766 -55 477 42 | 612 -398 708 445 -342 283 | -118 -572 -897 297 43 -276 | -668 650 -2 470 -628 183 | -561 613 6 -493 -495 -86 | 626 733 471 15 775 944 | -385 -648 -638 -750 806 745 | 905 259 471 -344 -629 168 | 385 666 -920 851 22 -130
1 2 3 4 | 5 6 7 8 | 9 10 11 12
-871 940 -167 -269 543 558 -235 -883 862 174 | -221 -724 -214 889 879 -469 -906 -651 -971 -30
13 133 -569 360 203 -81 745 -313 -328 -697 -370 937 529 -711 111 611 | -915 280 58 138 -826 905 -338 551 -893 -688 -164 -527 152 732 -685 24 | 172 -343 -598 -352 -876 783 -790 -391 -164 68 -842 262 409 -244 -825 -942 | 411 526 -879 -57 731 345 393 10 -393 442 -810 229 -536 389 -994 -94 | 567 -885 479 916 -615 -732 10 993 792 112 430 -854 -746 387 64 135 | -319 -913 796 -617 773 -593 -617 -561 207 -463 -343 -837 182 -796 -872 -899 | 214 -52 480 -738 871 -903 -466 -59 -354 729 321 -195 194 -753 -824 298 | 926 -5 340 -140 -294 -77 850 928 -838 -96 450 515 -388 -932 508 -922
-436 -998 170 276 -853 857 -656 | -613 -205 -1 311 -611 -901 497 | 879 549 919 -412 -181 -568 -532 | 879 349 -954 -227 -984 -349 -925 | -785 2 -786 773 -624 -200 -860 | 277 -920 64 630 -364 436 -782 | 76 566 220 549 292 696 13 | -318 787 -632 729 -718 -718 384 | -169 -637 404 560 0 -476 307 | 803 330 596 949 -696 982 851
-186 -380 -272 -708 -776 -696 328 -859 -968 -187 247 568 -476 -17 -121 | 131 452 913 -406 292 185 14 -589 448 -826 883 402 -660 546 326 | -256 248 817 990 -754 -477 -333 104 941 -713 -383 -289 274 -767 -286 | -590 -387 528 -734 906 -660 -511 917 245 -60 75 -824 -394 -593 847 | -888 -862 -129 -892 305 -301 920 202 611 72 668 -502 607 -689 -448 | 686 -667 800 12 516 115 -329 189 -728 26 423 -799 -900 -41 -233 | -373 -274 602 502 794 -911 -208 356 561 553 -526 508 463 454 -23 | 494 -628 182 523 956 279 -670 -618 828 153 -760 993 -25 -927 -171 | 325 89 80 -89 -7 959 817 363 -419 476 -703 -578 -80 568 971 | 471 535 56 -178 -44 935 -474 372 879 -951 -379 909 836 607 398
785 -732 -16 -727 -131 638 | -183 -200 74 -404 -98 -658 | 185 -727 662 328 98 -349 | -199 -989 -747 -605 -722 -968 | 114 -701 568 -478 -931 219 | 358 -18 -975 246 930 64 | -666 445 -937 -542 -722 319 | 108 -402 42 -99 375 898
565 -525 775 -470 209 | 909 183 90 599 848 | 436 533 -827 549 -582 | -16 139 -468 473 562 | 396 -209 -440 -627 -31 | -367 377 -697 2 -605 | -83 990 621 745 681 | 231 188 -241 -240 974 | 40 -137 -462 -782 -786
877 -221 653 749 -327 -727 209 864 -848 -213 -32 98 -895 779 -367 -116 302 -823 | 730 -568 928 -776 -750 -224 -414 297 862 -422 -505 -738 -614 400 -630 475 717 -857 | 800 781 -332 -938 539 -570 502 885 844 -582 -631 450 -245 18 743 48 -497 -961 | -134 -131 -853 -732 -258 -901 76 -734 72 469 618 921 513 355 -369 170 77 943
-883 -55 -777 108 -325 -589 -482 -147 895 168 356 | 518 -435 171 -917 -911 520 865 765 440 866 810 | 649 -164 477 929 408 -185 -150 537 -23 179 683 | -78 -504 651 -931 633 -493 139 749 18 -38 -706 | 714 -444 -603 633 -570 591 924 398 660 828 -550 | -519 -751 -394 860 894 447 -376 -291 461 540 -175
412 -233 556 714 825 98 322 37 -296 -625 188 -863 379 -625 -21 533 -793 610 -698 | 386 619 -495 720 574 -662 -655 -262 614 -648 562 -820 500 994 -732 557 -25 740 -812 | -555 842 -662 -468 -796 -918 675 -286 140 674 865 -460 -47 -46 833 231 -724 -892 448
172 -232 88 -671 -803 -137 -425 870 -765 129 | -647 -129 338 191 -387 -877 -483 -988 867 -96 | -435 -108 -286 -841 466 490 -649 662 -339 251 | -882 356 630 -115 -467 643 -993 -976 -240 -582 | 71 -128 -414 831 -410 -92 -824 -165 649 -110 | -489 -652 -102 -375 -993 602 -394 -175 -851 -788 | -827 16 -226 412 -442 -50 -89 73 -880 451 | 361 -971 -925 -359 918 -571 451 -334 271 171 | 712 757 -935 599 934 263 57 -543 428 -800
-107 -355 244 411 503 146 48 -856 -991 510 81 610 -11 | 171 -248 61 482 384 870 598 349 -759 -187 584 821 72 | 610 -530 -937 -611 -243 -961 -855 -37 753 207 -545 -421 -710 | -243 139 -968 203 -455 807 -912 -774 -102 -8 547 -548 -791 | 877 954 74 -183 32 -819 -795 908 -548 667 -649 -85 237 | 346 -123 249 599 255 994 66 -94 938 -139 633 -44 -49
-184 506 750 782 -314 -387 85 -926 -12 | -817 -535 351 248 767 -273 -608 714 -674 | -652 -885 645 82 -659 373 6 682 -71 | 832 -142 -507 -630 -249 906 -828 0 142 | 140 25 -125 -588 -245 54 -814 -503 -29 | 689 135 -874 -995 -510 683 320 -707 698 | -554 -873 513 -166 -793 -436 -647 -263 693 | -829 352 -77 -136 -202 -884 -606 -822 -134 | 541 947 -452 -526 -453 189 -633 -775 208 | -496 277 777 41 -898 -957 165 256 -485